Y_t= [127.7529344728454, 125.69849667653122, 94.61637976908771, 94.01906428747061, 114.43832262683206, 94.95621944476144, 118.53138139501743, 180.304405167669, 135.74759967346682, 183.56037139574087, 202.41949790042466, 196.18063382631289, 193.09130525145872, 204.40190302258463, 172.7669400863782, 216.53808304715267, 275.73844144310686, 266.6972242277117, 288.9067271980887, 292.065922903593, 212.3645031495229, 192.03666485243423, 212.62779245519638, 147.81177231310537, 162.27710813395584, 187.31162936090143, 168.45276932876072, 248.19121053149706, 243.69483914482194, 211.3160493978499, 217.13941959363453, 208.38374883107085, 239.32898597262712, 275.87801552649523, 252.70938060334083, 182.51801051897291, 243.56095322499755, 308.225875517174, 274.75650750820563, 254.56541608615805, 291.5041397538085, 206.58853206465585, 344.10197339389146, 329.5273980445522, 315.2045543338145, 317.66613500063454, 335.3813075309809, 367.2070692335227, 337.3364092884873, 407.4707084046166]

POSITION_t = [0.1, 0.11459530323445516, 0.1372212155232103, 0.1617437941743044, 0.17289263483361408, 0.18992579140761723, 0.20779576848377615, 0.2197948545803925, 0.23833765225872022, 0.2541862479271051, 0.2691190605963568, 0.2866168496315463, 0.3011678749443532, 0.3144901112864617, 0.3331661777651906, 0.351578370524692, 0.36568200533662204, 0.37914436433738796, 0.38672546927085194, 0.4068266631925802, 0.42705319222993926, 0.44125475004533354, 0.45645468843966164, 0.47093953508431097, 0.48374572570858787, 0.5061142450456606, 0.52313480509999, 0.5426607702713895, 0.558566470891544, 0.5730987902634793, 0.5892732049257009, 0.6038507686719692, 0.6137094686971414, 0.633105713747533, 0.6544936334310254, 0.6701675454354455, 0.683420092250892, 0.6982005434635428, 0.7078022895755735, 0.7212316124131823, 0.7344088369299175, 0.7551530352723489, 0.7796255750409353, 0.7982020501704121, 0.8176388490792396, 0.8311502707092122, 0.8455359998702416, 0.8628036539381244, 0.8798953601609006, 0.8958504347872034]
